   6.1991393e+01   9.6746813e+01   2.1003122e+01   1.5847601e+01   6.4627365e+01   4.3856232e+01   4.5631908e+01   3.6516323e+01   3.9589301e+01   5.7537220e+01   2.5969988e+01
   2.2921067e+01   4.2623149e+01   1.5082890e+02   8.6001616e+01   4.5151882e+01   3.3731749e+01   3.5083462e+01   3.4369158e+01   5.4376201e+01   3.4694562e+01   4.6802898e+01
   4.8032038e+01   1.6721409e+02   1.4711918e+02   2.6323811e+01   2.1105679e+01   3.0448727e+01   5.2873430e+01   1.6253081e+01   4.8196908e+01   7.4483028e+01   1.2991681e+02
   2.0612546e+01   3.6726993e+01   1.5181533e+02   5.1842591e+01   4.4066573e+01   4.6708126e+01   1.7346883e+02   3.8619817e+01   3.9146147e+01   3.5409819e+01   1.2001191e+02
   2.6407345e+01   8.0669092e+01   3.8815539e+01   6.5500985e+01   7.1982617e+01   2.7660734e+01   4.8601955e+01   4.8182319e+01   2.3678173e+01   3.8001965e+01   1.1712411e+02
   3.4805975e+01   8.1277807e+01   1.0559590e+02   8.5440923e+01   1.1683339e+02   3.3241873e+01   1.0128156e+02   3.4422157e+01   3.3368182e+01   2.7499514e+01   1.0478957e+02
   7.4857738e+01   1.6969785e+01   6.5001646e+01   9.7497463e+01   1.1031169e+02   4.1917677e+01   1.2969412e+02   6.6772075e+01   3.8784824e+01   2.6277705e+01   1.3842845e+01
   1.2023101e+02   7.7041520e+01   5.3251945e+01   5.3151794e+01   1.0391831e+02   1.4697921e+02   5.5182519e+01   1.6155061e+02   7.1522601e+01   2.3289176e+02   5.3609714e+01
   5.9273388e+01   1.3291579e+02   2.9608202e+01   3.3310357e+01   5.7343891e+01   4.9984894e+01   1.9835432e+01   8.1095126e+01   4.8807462e+01   3.8878300e+01   9.0156155e+01
   8.1825128e+01   5.0265879e+01   3.0377936e+01   2.1804604e+01   3.3246834e+01   8.5932045e+01   4.5344590e+01   3.5259275e+01   3.0591660e+01   5.7306376e+01   5.4968491e+01
   4.5436270e+01   3.4692057e+01   3.5865967e+01   2.4071753e+01   9.2758917e+01   4.9119085e+01   3.1378237e+01   7.7906293e+01   7.4971107e+01   2.6180329e+01   4.5470311e+01
   4.5918100e+01   2.5196404e+01   6.5531789e+01   2.9209656e+01   2.8820029e+01   2.9959719e+01   5.7618113e+01   8.5844155e+01   5.2450569e+01   2.2466424e+01   9.6845720e+01
   6.8849205e-01   2.4478118e+00   1.5912146e+00   1.9029981e+00   3.5957436e+00   1.0069999e+00   2.8520392e+00   1.3561127e+00   2.1318223e+00   7.8744750e-01   2.3088105e+00
   8.5447800e-01   3.1962162e+00   2.6188634e+00   4.1024019e+00   3.8558150e+00   1.3784894e+00   3.3778156e+00   1.9888028e+00   3.0932324e+00   9.4056230e-01   2.4798335e+00
   3.0088531e+00   4.3867156e+00   4.0771834e+00   7.9030253e+00   4.6940998e+00   2.1589665e+00   4.5438133e+00   4.8519133e+00   5.7605717e+00   1.7717569e+00   4.7886441e+00
   8.2671209e+00   1.6803534e+01   1.7703578e+01   1.5694973e+01   1.8405880e+01   1.4050942e+01   1.2618201e+01   1.2986386e+01   1.6135081e+01   1.4066923e+01   1.3444625e+01
   2.4155128e+01   3.4473182e+01   3.0631185e+01   2.4856617e+01   3.0331420e+01   2.8648235e+01   2.9906930e+01   2.7675908e+01   2.8997446e+01   2.7072260e+01   4.8352753e+01
   6.5265019e+02   1.6769077e+03   8.2163585e+02   3.8436559e+02   8.7500603e+02   1.5909182e+03   1.6962932e+03   1.1854777e+03   3.9488179e+02   1.6031000e+03   7.8816933e+02
   4.4056247e+02   1.1470818e+03   6.9188200e+02   2.8423282e+02   4.4048600e+02   7.3554634e+02   9.7775031e+02   6.1009406e+02   2.1553310e+02   1.2962860e+03   4.0791968e+02
   2.7913097e+02   6.5339712e+02   4.9134034e+02   1.8797023e+02   2.8973003e+02   3.8826687e+02   4.4910856e+02   4.1745516e+02   1.5192668e+02   7.0128546e+02   3.1099489e+02
   1.3751659e+02   1.8773873e+02   2.4071348e+02   1.0922894e+02   1.4138916e+02   1.6445025e+02   1.7428632e+02   1.7065622e+02   9.8848720e+01   2.4228406e+02   1.8157227e+02
   9.9000731e+01   1.0398616e+02   1.5299048e+02   8.5380090e+01   1.1425219e+02   9.7643471e+01   1.1056739e+02   1.0776194e+02   6.4159570e+01   1.1197192e+02   1.2460248e+02
   2.1300000e+02   6.5000000e+01   8.7000000e+01   1.9900000e+02   1.9900000e+02   2.2800000e+02   1.0600000e+02   2.1500000e+02   2.3000000e+02   2.4000000e+02   1.2200000e+02
   2.6900000e+02   1.1600000e+02   3.1400000e+02   2.2300000e+02   2.8300000e+02   2.6800000e+02   2.5400000e+02   2.7300000e+02   2.5600000e+02   2.7100000e+02   1.3100000e+02
   2.9000000e+02   2.7800000e+02   3.5400000e+02   3.4200000e+02   3.1000000e+02   3.0200000e+02   3.4500000e+02   3.3800000e+02   3.5500000e+02   2.9400000e+02   3.5100000e+02
   1.1800000e+02   3.2100000e+02   3.0000000e+01   7.4000000e+01   6.8000000e+01   1.8200000e+02   7.9000000e+01   1.6900000e+02   1.2000000e+01   1.6800000e+02   5.2000000e+01
   2.0000000e+01   1.8000000e+01   2.3000000e+01   1.9000000e+01   1.4000000e+01   1.9000000e+01   2.2000000e+01   1.9000000e+01   1.7000000e+01   1.8000000e+01   1.7000000e+01
   2.8000000e+01   2.5000000e+01   2.6000000e+01   1.7000000e+01   2.8000000e+01   2.6000000e+01   2.6000000e+01   2.0000000e+01   2.4000000e+01   2.2000000e+01   2.7000000e+01
   6.0000000e+00   4.5000000e+00   3.4782609e+00   3.6842105e+00   4.6428571e+00   5.0000000e+00   4.8181818e+00   4.0526316e+00   6.6470588e+00   6.2222222e+00   4.4705882e+00
   3.2142857e+00   4.0400000e+00   4.1153846e+00   4.5882353e+00   3.9642857e+00   3.0769231e+00   3.5769231e+00   4.3500000e+00   3.7083333e+00   2.8181818e+00   4.4444444e+00
  -2.6408364e+01  -3.9281660e+01  -3.8757801e+01  -2.0002263e+01  -3.5012635e+01  -2.6893119e+01  -4.3346418e+01  -3.4419930e+01  -2.0800914e+01  -3.0982791e+01  -4.3766078e+01
   2.9865805e+01   3.7032043e+01   4.3125258e+01   1.7979175e+01   3.0341967e+01   3.0056967e+01   4.3348187e+01   3.7588599e+01   2.0341239e+01   2.9720390e+01   3.8945095e+01
   6.8000000e+01   7.7000000e+01   7.8000000e+01   7.4000000e+01   8.3000000e+01   7.4000000e+01   7.6000000e+01   6.9000000e+01   6.4000000e+01   6.9000000e+01   6.4000000e+01
   6.8000000e+01   7.7000000e+01   7.9000000e+01   7.3000000e+01   8.3000000e+01   7.4000000e+01   7.6000000e+01   7.0000000e+01   6.4000000e+01   7.0000000e+01   6.4000000e+01
