   1.0687092e+02
   1.3944193e+02
   6.1254229e+01
   5.6156909e+01
   8.0952344e+01
   1.0211918e+02
   4.6221456e+01
   2.3326716e+01
   2.6264154e+01
   2.5918573e+01
   1.9870906e+01
   5.9958300e+01
   1.4488483e+02
   9.7453836e+01
   7.0671310e+01
   7.8014906e+01
   1.1257300e+02
   9.1751750e+01
   5.5120166e+01
   2.9201593e+01
   1.8574978e+01
   2.3845088e+01
   3.2571007e+01
   3.3866936e+01
   2.8424036e+01
   2.2894740e+01
   2.4190669e+01
   3.3434960e+01
   4.4493551e+01
   4.2074484e+01
   3.2171241e+01
   1.5123980e+01
   8.3924976e+00
   9.2667161e+00
   1.5648511e+01
   2.6488821e+01
   3.4968740e+01
   3.8115927e+01
   5.5600297e+01
   9.1006146e+01
   3.5659373e+02
   1.0866536e+02
   5.1404048e+01
   3.1471866e+01
   2.7887570e+01
   2.8149836e+01
   3.7416552e+01
   7.6231853e+01
   9.6688566e+01
   8.5236304e+01
   1.4284730e+02
   9.7300519e+01
   7.3609198e+01
   4.5371940e+01
   2.7450461e+01
   1.7571792e+01
   1.3725230e+01
   1.2851012e+01
   1.3375543e+01
   1.1189997e+01
   9.9165741e+00
   1.2035500e+01
   2.2375859e+01
   2.6444198e+01
   2.6867983e+01
   2.2206345e+01
   2.8393610e+01
   4.6107832e+01
   6.9500776e+01
   8.6536941e+01
   8.9927223e+01
   5.5346349e+01
   4.7718215e+01
   6.6873307e+01
   9.4165075e+01
   1.4747726e+02
   6.4500110e+01
   3.4072331e+01
   4.2463279e+01
   6.1448856e+01
   7.8569779e+01
   8.6113156e+01
   6.4076325e+01
   3.8394941e+01
   2.2545374e+01
   1.7290437e+01
   9.7470600e+00
   6.5262923e+00
   5.6787219e+00
   7.2043487e+00
   2.7337486e+01
   5.1916144e+01
   5.7559203e+01
   4.2134841e+01
   2.4829460e+01
   2.4453256e+01
   2.2321434e+01
   1.4671954e+01
   4.3890460e+00
   2.7588289e+00
   2.1318223e+00
   5.0160525e+00
   9.6559011e+00
   1.1411520e+01
   1.0157506e+01
   7.1478749e+00
   8.5272893e+00
   9.2796972e+00
   9.4050985e+00
   1.1536921e+01
   1.5048158e+01
   2.3826250e+01
   2.4954861e+01
   2.0440414e+01
   1.1286118e+01
   1.3041737e+01
   3.1977335e+01
   4.4015861e+01
   4.4392065e+01
   2.9093105e+01
   1.6589231e+01
   1.5819628e+01
   1.5563093e+01
   1.0859961e+01
   1.4280421e+01
   2.9244933e+01
   5.4128780e+01
   8.0124277e+01
   5.9002936e+01
   4.0960009e+01
   3.0014537e+01
   1.8299461e+01
   1.3938375e+01
   9.7483111e+00
   8.2946156e+00
   7.6105236e+00
   1.1629564e+01
   1.4109398e+01
   1.2997748e+01
   1.3168771e+01
   1.4536955e+01
   1.5050024e+01
   1.3938375e+01
   1.2313656e+01
   1.3852863e+01
   1.1886099e+01
   9.1497306e+00
   1.3083260e+01
   1.9838668e+01
   2.6508565e+01
   2.2608726e+01
   3.5875652e+01
   6.6334630e+01
   7.3949375e+01
   6.0603946e+01
   6.9003716e+01
   9.6793608e+01
   1.1194459e+02
   6.2802017e+01
   3.6896185e+01
   3.1872023e+01
   3.9879281e+01
   6.4764580e+01
   9.0356401e+01
   7.0809274e+01
   1.6650385e+02
   9.2318964e+01
   4.8593060e+01
   2.7083370e+01
   3.8466235e+01
   6.2252499e+01
   6.6099123e+01
   8.3997697e+01
   6.2959022e+01
   5.7228338e+01
   3.9957783e+01
   2.6847862e+01
   1.8762102e+01
   2.0567660e+01
   1.7506062e+01
   1.0105576e+01
   4.5934438e+00
   3.2154106e+00
   5.6433738e+00
   8.0713369e+00
   1.1877333e+01
   1.4502158e+01
   2.5657664e+01
   4.4818887e+01
   4.4359543e+01
   1.9423705e+01
   6.2995800e+00
   6.4308213e+00
   7.0214069e+00
   8.1369575e+00
   9.7774732e+00
   8.5963019e+00
   8.1369575e+00
   5.5121325e+00
   7.8744750e+00
   8.2025782e+00
   1.3386608e+01
   1.3517849e+01
   3.5172655e+01
   7.2642032e+01
   3.7731860e+01
   2.2311013e+01
   4.6721885e+01
   9.3837494e+01
   1.1562354e+02
   2.6980224e+02
   2.7470316e+02
   2.5484813e+02
   9.0227296e+01
   4.3731336e+01
   1.4702777e+01
   7.6655502e+00
   2.2619656e+00
   4.2726018e+00
   9.2991921e+00
   1.7467401e+01
   2.7646247e+01
   2.8023241e+01
   2.6012605e+01
   2.5384281e+01
   2.2242662e+01
   2.5886940e+01
   1.9226708e+01
   2.7520582e+01
   1.9855032e+01
   1.7593066e+01
   9.4248568e+00
   2.1488674e+01
   4.9637579e+01
   9.4625563e+01
   1.5657829e+02
   1.0015481e+02
   5.6423476e+01
   3.0033877e+01
   3.1039195e+01
   5.6389082e+01
   9.7663565e+01
   9.5221976e+01
   2.3834561e+02
   4.6262301e+02
   3.1136075e+02
   1.1975413e+02
   1.0649979e+02
   9.8826227e+01
   5.3017364e+01
   3.5577442e+01
   4.0460620e+01
   5.0808307e+01
   6.6969302e+01
   9.4756912e+01
   9.3361718e+01
   8.5688152e+01
   9.3943049e+01
   1.1370829e+02
   1.1673121e+02
   3.6995889e+02
   1.8497944e+02
   1.3568260e+02
   2.1544117e+02
   5.0936200e+02
   5.6525114e+03
   0.0000000e+00
   0.0000000e+00
   0.0000000e+00
   0.0000000e+00
   0.0000000e+00
   0.0000000e+00
   0.0000000e+00
   0.0000000e+00
   0.0000000e+00
   0.0000000e+00
   0.0000000e+00
   0.0000000e+00
   0.0000000e+00
   0.0000000e+00
   0.0000000e+00
   0.0000000e+00
   0.0000000e+00
   0.0000000e+00
   0.0000000e+00
   0.0000000e+00
   0.0000000e+00
   0.0000000e+00
   0.0000000e+00
   0.0000000e+00
   0.0000000e+00
   0.0000000e+00
   0.0000000e+00
   0.0000000e+00
   0.0000000e+00
   0.0000000e+00
   0.0000000e+00
   0.0000000e+00
   0.0000000e+00
   0.0000000e+00
   0.0000000e+00
   0.0000000e+00
   0.0000000e+00
   0.0000000e+00
   0.0000000e+00
   0.0000000e+00
   0.0000000e+00
   0.0000000e+00
   0.0000000e+00
   0.0000000e+00
   0.0000000e+00
   0.0000000e+00
   0.0000000e+00
   0.0000000e+00
   0.0000000e+00
   0.0000000e+00
   0.0000000e+00
   0.0000000e+00
   0.0000000e+00
   0.0000000e+00
   0.0000000e+00
   0.0000000e+00
   0.0000000e+00
   0.0000000e+00
   0.0000000e+00
   0.0000000e+00
   0.0000000e+00
   0.0000000e+00
   0.0000000e+00
   0.0000000e+00
   0.0000000e+00
   0.0000000e+00
   0.0000000e+00
   0.0000000e+00
   0.0000000e+00
   0.0000000e+00
   0.0000000e+00
   0.0000000e+00
   0.0000000e+00
   0.0000000e+00
   0.0000000e+00
   0.0000000e+00
   0.0000000e+00
   0.0000000e+00
   0.0000000e+00
   0.0000000e+00
   0.0000000e+00
   0.0000000e+00
   0.0000000e+00
   0.0000000e+00
   0.0000000e+00
   0.0000000e+00
   0.0000000e+00
   0.0000000e+00
   0.0000000e+00
   0.0000000e+00
   0.0000000e+00
   0.0000000e+00
   0.0000000e+00
   0.0000000e+00
   0.0000000e+00
   0.0000000e+00
   0.0000000e+00
   0.0000000e+00
   0.0000000e+00
   0.0000000e+00
   0.0000000e+00
   0.0000000e+00
   0.0000000e+00
   0.0000000e+00
   0.0000000e+00
   0.0000000e+00
   0.0000000e+00
   0.0000000e+00
   0.0000000e+00
   0.0000000e+00
   0.0000000e+00
   0.0000000e+00
   0.0000000e+00
   0.0000000e+00
   0.0000000e+00
   0.0000000e+00
   0.0000000e+00
   0.0000000e+00
   0.0000000e+00
   0.0000000e+00
   0.0000000e+00
   0.0000000e+00
   0.0000000e+00
   0.0000000e+00
   0.0000000e+00
   0.0000000e+00
   0.0000000e+00
   0.0000000e+00
   0.0000000e+00
   0.0000000e+00
   0.0000000e+00
   0.0000000e+00
   0.0000000e+00
   0.0000000e+00
   0.0000000e+00
   0.0000000e+00
   0.0000000e+00
   0.0000000e+00
   0.0000000e+00
   0.0000000e+00
   0.0000000e+00
   0.0000000e+00
   0.0000000e+00
   0.0000000e+00
   0.0000000e+00
   0.0000000e+00
   0.0000000e+00
   0.0000000e+00
   0.0000000e+00
   0.0000000e+00
   0.0000000e+00
   0.0000000e+00
   0.0000000e+00
   0.0000000e+00
   0.0000000e+00
   0.0000000e+00
   0.0000000e+00
   0.0000000e+00
   0.0000000e+00
   0.0000000e+00
   0.0000000e+00
   0.0000000e+00
   0.0000000e+00
   0.0000000e+00
   0.0000000e+00
   0.0000000e+00
   0.0000000e+00
   0.0000000e+00
   0.0000000e+00
   0.0000000e+00
   0.0000000e+00
   0.0000000e+00
   0.0000000e+00
   0.0000000e+00
   0.0000000e+00
   0.0000000e+00
   0.0000000e+00
   0.0000000e+00
   0.0000000e+00
   0.0000000e+00
   0.0000000e+00
   0.0000000e+00
   0.0000000e+00
   0.0000000e+00
   0.0000000e+00
   0.0000000e+00
   0.0000000e+00
   0.0000000e+00
   0.0000000e+00
   0.0000000e+00
   0.0000000e+00
   0.0000000e+00
   0.0000000e+00
   0.0000000e+00
   0.0000000e+00
   0.0000000e+00
   0.0000000e+00
   0.0000000e+00
   0.0000000e+00
   0.0000000e+00
   0.0000000e+00
   0.0000000e+00
   0.0000000e+00
   0.0000000e+00
   0.0000000e+00
   0.0000000e+00
   0.0000000e+00
   0.0000000e+00
   0.0000000e+00
   0.0000000e+00
   0.0000000e+00
   0.0000000e+00
   0.0000000e+00
   0.0000000e+00
   0.0000000e+00
   0.0000000e+00
   0.0000000e+00
   0.0000000e+00
   0.0000000e+00
   0.0000000e+00
   0.0000000e+00
   0.0000000e+00
   0.0000000e+00
   0.0000000e+00
   0.0000000e+00
   0.0000000e+00
   0.0000000e+00
   0.0000000e+00
   0.0000000e+00
   0.0000000e+00
   0.0000000e+00
   0.0000000e+00
   0.0000000e+00
   0.0000000e+00
   0.0000000e+00
   0.0000000e+00
   0.0000000e+00
   0.0000000e+00
   0.0000000e+00
   0.0000000e+00
   0.0000000e+00
   0.0000000e+00
   0.0000000e+00
   0.0000000e+00
   0.0000000e+00
   0.0000000e+00
   0.0000000e+00
   0.0000000e+00
   0.0000000e+00
   0.0000000e+00
   0.0000000e+00
   0.0000000e+00
   0.0000000e+00
   0.0000000e+00
   0.0000000e+00
   0.0000000e+00
   0.0000000e+00
   0.0000000e+00
   0.0000000e+00
   0.0000000e+00
   0.0000000e+00
   0.0000000e+00
   0.0000000e+00
   0.0000000e+00
   0.0000000e+00
   0.0000000e+00
   0.0000000e+00
   0.0000000e+00
   0.0000000e+00
   0.0000000e+00
   0.0000000e+00
   0.0000000e+00
   0.0000000e+00
   0.0000000e+00
   0.0000000e+00
   0.0000000e+00
   0.0000000e+00
   0.0000000e+00
   0.0000000e+00
   0.0000000e+00
   0.0000000e+00
   0.0000000e+00
   0.0000000e+00
   0.0000000e+00
   0.0000000e+00
   0.0000000e+00
   0.0000000e+00
   0.0000000e+00
   0.0000000e+00
   0.0000000e+00
   0.0000000e+00
   0.0000000e+00
   0.0000000e+00
   0.0000000e+00
   0.0000000e+00
   0.0000000e+00
   0.0000000e+00
   0.0000000e+00
   0.0000000e+00
   0.0000000e+00
   0.0000000e+00
   0.0000000e+00
   0.0000000e+00
   0.0000000e+00
   0.0000000e+00
   0.0000000e+00
   0.0000000e+00
   0.0000000e+00
   0.0000000e+00
   0.0000000e+00
   0.0000000e+00
   0.0000000e+00
   0.0000000e+00
   0.0000000e+00
   0.0000000e+00
   0.0000000e+00
   0.0000000e+00
   0.0000000e+00
   0.0000000e+00
   0.0000000e+00
   0.0000000e+00
   0.0000000e+00
   0.0000000e+00
   0.0000000e+00
   0.0000000e+00
   0.0000000e+00
   0.0000000e+00
   0.0000000e+00
   0.0000000e+00
   0.0000000e+00
   0.0000000e+00
   0.0000000e+00
   0.0000000e+00
   0.0000000e+00
   0.0000000e+00
   0.0000000e+00
   0.0000000e+00
   0.0000000e+00
   0.0000000e+00
   0.0000000e+00
   0.0000000e+00
   0.0000000e+00
   0.0000000e+00
   0.0000000e+00
   0.0000000e+00
   0.0000000e+00
   0.0000000e+00
   0.0000000e+00
   0.0000000e+00
   0.0000000e+00
   0.0000000e+00
   0.0000000e+00
   0.0000000e+00
   0.0000000e+00
   0.0000000e+00
   0.0000000e+00
   0.0000000e+00
   0.0000000e+00
   0.0000000e+00
   0.0000000e+00
   0.0000000e+00
   0.0000000e+00
   0.0000000e+00
   0.0000000e+00
   0.0000000e+00
   0.0000000e+00
   0.0000000e+00
   0.0000000e+00
   0.0000000e+00
   0.0000000e+00
   0.0000000e+00
   0.0000000e+00
   0.0000000e+00
   0.0000000e+00
   0.0000000e+00
   0.0000000e+00
   0.0000000e+00
   0.0000000e+00
   0.0000000e+00
   0.0000000e+00
   0.0000000e+00
   0.0000000e+00
   0.0000000e+00
   0.0000000e+00
   0.0000000e+00
   0.0000000e+00
   0.0000000e+00
   0.0000000e+00
   0.0000000e+00
   0.0000000e+00
   0.0000000e+00
   0.0000000e+00
   0.0000000e+00
   0.0000000e+00
   0.0000000e+00
   0.0000000e+00
   0.0000000e+00
   0.0000000e+00
   0.0000000e+00
   0.0000000e+00
   0.0000000e+00
   0.0000000e+00
   0.0000000e+00
   0.0000000e+00
   0.0000000e+00
   0.0000000e+00
   0.0000000e+00
   0.0000000e+00
   0.0000000e+00
   0.0000000e+00
   0.0000000e+00
   0.0000000e+00
   0.0000000e+00
   0.0000000e+00
   0.0000000e+00
   0.0000000e+00
   0.0000000e+00
   0.0000000e+00
   0.0000000e+00
   0.0000000e+00
   0.0000000e+00
   0.0000000e+00
   0.0000000e+00
   0.0000000e+00
   0.0000000e+00
   0.0000000e+00
   0.0000000e+00
   0.0000000e+00
   0.0000000e+00
   0.0000000e+00
   0.0000000e+00
   0.0000000e+00
   0.0000000e+00
   0.0000000e+00
   0.0000000e+00
   0.0000000e+00
   0.0000000e+00
   0.0000000e+00
   0.0000000e+00
   0.0000000e+00
   0.0000000e+00
   0.0000000e+00
   0.0000000e+00
   0.0000000e+00
   0.0000000e+00
   0.0000000e+00
   0.0000000e+00
   0.0000000e+00
   0.0000000e+00
   0.0000000e+00
   0.0000000e+00
   0.0000000e+00
   0.0000000e+00
   0.0000000e+00
   0.0000000e+00
   0.0000000e+00
   0.0000000e+00
   0.0000000e+00
   0.0000000e+00
   0.0000000e+00
   0.0000000e+00
   0.0000000e+00
   0.0000000e+00
   0.0000000e+00
   0.0000000e+00
   0.0000000e+00
   0.0000000e+00
   0.0000000e+00
   0.0000000e+00
   0.0000000e+00
   0.0000000e+00
   0.0000000e+00
   0.0000000e+00
   0.0000000e+00
   0.0000000e+00
   0.0000000e+00
   0.0000000e+00
   0.0000000e+00
   0.0000000e+00
   0.0000000e+00
   0.0000000e+00
   0.0000000e+00
   0.0000000e+00
   0.0000000e+00
   0.0000000e+00
   0.0000000e+00
   0.0000000e+00
   0.0000000e+00
   0.0000000e+00
   0.0000000e+00
   0.0000000e+00
   0.0000000e+00
   0.0000000e+00
   0.0000000e+00
   0.0000000e+00
   0.0000000e+00
   0.0000000e+00
   0.0000000e+00
   0.0000000e+00
   0.0000000e+00
   0.0000000e+00
   0.0000000e+00
   0.0000000e+00
   0.0000000e+00
   0.0000000e+00
   0.0000000e+00
   0.0000000e+00
   0.0000000e+00
   0.0000000e+00
   0.0000000e+00
   0.0000000e+00
   0.0000000e+00
   0.0000000e+00
   0.0000000e+00
   0.0000000e+00
   0.0000000e+00
   0.0000000e+00
   0.0000000e+00
   0.0000000e+00
   0.0000000e+00
   0.0000000e+00
   0.0000000e+00
   0.0000000e+00
   0.0000000e+00
   0.0000000e+00
   0.0000000e+00
   0.0000000e+00
   0.0000000e+00
   0.0000000e+00
   0.0000000e+00
   0.0000000e+00
   0.0000000e+00
   0.0000000e+00
   0.0000000e+00
   0.0000000e+00
   0.0000000e+00
   0.0000000e+00
   0.0000000e+00
   0.0000000e+00
   0.0000000e+00
   0.0000000e+00
   0.0000000e+00
   0.0000000e+00
   0.0000000e+00
   0.0000000e+00
   0.0000000e+00
   0.0000000e+00
   0.0000000e+00
   0.0000000e+00
   0.0000000e+00
   0.0000000e+00
   0.0000000e+00
   0.0000000e+00
   0.0000000e+00
   0.0000000e+00
   0.0000000e+00
   0.0000000e+00
   0.0000000e+00
   0.0000000e+00
   0.0000000e+00
   0.0000000e+00
   0.0000000e+00
   0.0000000e+00
   0.0000000e+00
   0.0000000e+00
   0.0000000e+00
   0.0000000e+00
   0.0000000e+00
   6.6462696e+00
   6.7716709e+00
   9.2796972e+00
   9.1542959e+00
   8.1510854e+00
   6.0192630e+00
   6.2700657e+00
   1.1913125e+01
   2.5581868e+01
   3.2228138e+01
   3.7118789e+01
   2.6208874e+01
   3.4610762e+01
   2.7588289e+01
   2.6961282e+01
   1.3167138e+01
   7.6105236e+00
   1.7700881e+01
   2.3772197e+01
   2.5311404e+01
   1.7102300e+01
   2.0864806e+01
   3.6940969e+01
   5.9002936e+01
   3.4974204e+01
   1.7187812e+01
   6.9264316e+00
   6.3278511e+00
   5.5582476e+00
   5.7292706e+00
   1.1458541e+01
   1.7358835e+01
   3.3948066e+01
   5.9430493e+01
   1.0081806e+02
   5.8917424e+01
   4.3867400e+01
   4.3012285e+01
   3.7967107e+01
   3.2494370e+01
   4.2755751e+01
   6.2850953e+01
   4.7629906e+01
   4.1045521e+01
   4.9083602e+01
   7.0546989e+01
   2.6408248e+02
   6.3846100e+02
   1.6006664e+02
   1.7718019e+02
   1.5551349e+02
   7.1515796e+01
   3.6032657e+01
   4.7415523e+01
   6.2959022e+01
   4.6787502e+01
   3.0851491e+01
   3.4227099e+01
   5.6600317e+01
   5.7699353e+01
   7.1751304e+01
   5.4731958e+02
   1.6031000e+03
   1.4530817e+03
   8.3267624e+02
   2.6816461e+02
   1.3290477e+02
   6.8925213e+01
   3.5169129e+01
   3.8230728e+01
   5.7149835e+01
   6.4921585e+01
   5.1026639e+01
   6.1153464e+01
   7.3007344e+01
   6.6727143e+01
   5.6236876e+01
   4.5015749e+01
   1.2015136e+02
   5.6040014e+01
   5.6958703e+01
   5.6433738e+01
   1.0617417e+02
   6.8770415e+01
   3.7469377e+01
   1.5420847e+01
   7.0870275e+00
   3.0841694e+00
   4.4622025e+00
   4.3309613e+00
   3.4122725e+00
   1.8373775e+00
   1.6405156e+00
   1.2467919e+00
   7.8744750e-01
   7.8744750e-01
   2.6904456e+00
   4.9215469e+00
   1.3386608e+01
   1.6011433e+01
   1.6536398e+01
   1.1024265e+01
   9.0556463e+00
   8.5306813e+00
   8.7275432e+00
   7.7432338e+00
   2.4881622e+01
   2.5509946e+01
   2.4755957e+01
   1.6839078e+01
   1.6964742e+01
   2.0357691e+01
   2.1111679e+01
   1.6085089e+01
   1.8724049e+01
   2.4755957e+01
   2.4378963e+01
   1.6336419e+01
   5.1522551e+00
   3.3929485e+00
   3.8956075e+00
   6.2832379e+00
   8.4195388e+00
   1.5205436e+01
   1.5708095e+01
   1.7718731e+01
   2.1740003e+01
   2.1488674e+01
   1.9603702e+01
   1.0807169e+01
   1.0807169e+01
   2.1614338e+01
   2.7897576e+01
   2.4127634e+01
   1.0807169e+01
   2.8902894e+00
   8.2548966e+00
   2.1625504e+01
   2.3485762e+01
   2.3718294e+01
   2.3253230e+01
   3.7321434e+01
   4.8482984e+01
   4.7785387e+01
   3.8135297e+01
   2.5229754e+01
   2.7206279e+01
   4.0925685e+01
   7.1968746e+01
   1.0812752e+02
   8.8013475e+01
   4.5576330e+01
   2.7438811e+01
   3.0112933e+01
   4.4297403e+01
   5.9295736e+01
   7.8712183e+01
   1.2080053e+02
   8.6618281e+01
   5.8946938e+01
   4.8482984e+01
   9.8593695e+01
   2.1718517e+02
   1.7637575e+02
   1.0894138e+02
   8.7664677e+01
   8.6831466e+01
   1.3985914e+02
   9.2339432e+01
   4.9571695e+01
   3.5639781e+01
   3.5423782e+01
   3.0455813e+01
   2.2031864e+01
   3.0455813e+01
   3.5531781e+01
   4.2551738e+01
   9.3095427e+01
   2.0487474e+02
   5.4410065e+02
   7.7943120e+02
   1.5724703e+02
   2.4915447e+02
   1.5119907e+02
   7.9163513e+01
   1.3921114e+02
   1.7744291e+02
   1.6070301e+02
   7.7435523e+01
   2.6189839e+02
   2.1761866e+02
   3.3652593e+02
   1.5497905e+02
   1.2452323e+02
   1.6761497e+02
   1.2160725e+02
   1.1612080e+02
   5.7673846e+01
   2.5280627e+01
   1.6389886e+01
   1.7704170e+01
   3.1542800e+01
   6.0457034e+01
   5.9529304e+01
   7.5146083e+01
   7.1512476e+01
   6.7105761e+01
   9.4628401e+01
   8.5969593e+01
   9.3468739e+01
   7.5068772e+01
   1.0127713e+02
   6.8806599e+01
   7.4914151e+01
   1.4913250e+02
   1.2369726e+02
   1.0158637e+02
   9.6947724e+01
   6.0998209e+01
   6.5327613e+01
   5.8678886e+01
   3.4557921e+01
   2.0332736e+01
   1.7162994e+01
   9.8184697e+00
   1.1364685e+01
   1.3947474e+01
   1.8145257e+01
   2.2884690e+01
   1.0413211e+02
   2.6093963e+02
   8.5038965e+01
   2.2850837e+02
   8.8762805e+01
   2.1307136e+02
   1.3344889e+02
   7.1700847e+01
   4.1300771e+01
   5.9310616e+01
   9.8309377e+01
   7.1362316e+01
   7.6846517e+01
   6.1409507e+01
   4.9086982e+01
   9.0861697e+01
   8.1992187e+01
   8.5986851e+01
   5.7347136e+01
   4.6378735e+01
   4.3128838e+01
   5.8091904e+01
   9.1267934e+01
   9.6549016e+01
   5.7414843e+01
   5.5045126e+01
   6.3846930e+01
   1.4120000e+00
   1.2457000e+01
   2.6919000e+01
   6.0870000e+00
   7.5000000e+00
   1.1775672e+02
   5.9267138e+01
   2.3067530e+01
   2.1512416e+01
   2.5659388e+01
   3.2052636e+01
   4.3024832e+01
   6.5833177e+01
   9.3652445e+01
   1.8739129e+02
   1.2967926e+02
   1.6354620e+02
   2.2082625e+02
   7.7410139e+01
   4.6221456e+01
   2.9806359e+01
   3.8705070e+01
   5.8316790e+01
   4.3370413e+01
   4.8986104e+01
   7.5077468e+01
   7.9397230e+01
   3.9828208e+01
   1.6847073e+01
   1.0194639e+01
   7.1708053e+00
   4.9245290e+00
   9.0715007e+00
   1.5637539e+01
   2.0389278e+01
   2.2117728e+01
   2.2817103e+01
   2.4827805e+01
   2.5090071e+01
   2.1680619e+01
   1.6173042e+01
   1.0490622e+01
   9.1792943e+00
   8.5673413e+00
   1.0752888e+01
   8.3924976e+00
   9.4415598e+00
   9.7038254e+00
   1.9582494e+01
   2.9198898e+01
   5.8048109e+01
   1.0245841e+02
   6.0758186e+01
   4.9218502e+01
   4.0126629e+01
   4.3448660e+01
   5.9272014e+01
   5.3152485e+01
   5.8485218e+01
   3.3569990e+01
   1.7396948e+01
   1.6522730e+01
   2.8586945e+01
   4.2749285e+01
   5.0180142e+01
   5.7465275e+01
   7.6027068e+01
   3.5513201e+01
   1.4069669e+01
   1.0764145e+01
   1.3561127e+01
   1.2967828e+01
   1.1103173e+01
   6.7805635e+00
   5.8482360e+00
   6.1872642e+00
   5.1701796e+00
   5.0006656e+00
   7.3738628e+00
   1.3137342e+01
   1.3306856e+01
   1.1018416e+01
   6.1025071e+00
   4.1530951e+00
   3.9835810e+00
   1.2374528e+01
   2.2375859e+01
   4.1530951e+01
   6.2974483e+01
   6.8059906e+01
   2.9580208e+01
   9.9165741e+00
   7.3738628e+00
   8.4757043e+00
   9.2385177e+00
   2.8215295e+01
   3.0974124e+01
   2.8842302e+01
   1.4922756e+01
   1.2038526e+01
   1.0533710e+01
   1.4295750e+01
   3.2353539e+01
   4.7527098e+01
   6.1948249e+01
   5.1163736e+01
   5.1163736e+01
   4.4642868e+01
   4.5019071e+01
   3.1851934e+01
   1.7556184e+01
   9.1542959e+00
   7.2732762e+00
   6.6462696e+00
   8.2764867e+00
   1.1536921e+01
   1.3794144e+01
   1.6051368e+01
   1.3668743e+01
   1.1662322e+01
   1.4797355e+01
   2.9343907e+01
   5.1163736e+01
   5.4925775e+01
   6.5584887e+01
   5.7378217e+01
   1.1492746e+02
   2.1292364e+02
   9.3891628e+01
   3.8651199e+01
   4.8313998e+01
   5.9088447e+01
   1.5451928e+02
   7.9953254e+01
   3.5145227e+01
   2.4199755e+01
   9.8338226e+00
   4.0190406e+00
   2.5653450e+00
   2.3088105e+00
   2.5653450e+00
   4.5321096e+00
   7.6960351e+00
   1.1030984e+01
   1.5563093e+01
   3.4717670e+01
   6.9178805e+01
   2.9313343e+02
   1.8923695e+02
   2.9527121e+02
   1.3827210e+02
   6.2166861e+01
   4.2242682e+01
   2.7534703e+01
   1.9154576e+01
   1.1382866e+01
   1.3973449e+01
   2.8182405e+01
   5.2439684e+01
   5.5187272e+01
   6.4607575e+01
   2.0528409e+02
   3.6299566e+02
   2.4563439e+02
   1.9507876e+02
   2.0465607e+02
   1.8730701e+02
   1.0456536e+02
   1.4185406e+02
   1.6438428e+02
   4.0530851e+02
   1.9445074e+02
   7.3635365e+01
   5.5265775e+01
   6.4058057e+01
   5.7385343e+01
   4.1841844e+01
   3.0929993e+01
   2.4021771e+01
   1.4365961e+01
   9.4988050e+00
   1.1225860e+01
   1.9390123e+01
   2.6062837e+01
   2.6298344e+01
   1.6667639e+01
   1.8045672e+01
   3.4910173e+01
   6.3520765e+01
   1.0059642e+02
   7.2051447e+01
   9.6199837e+01
   9.6002975e+01
   1.6654515e+02
   1.5939250e+02
   5.7483668e+01
   4.6196920e+01
   5.8992942e+01
   3.6307892e+02
   3.8525869e+02
   1.6910435e+02
   3.4555821e+02
   2.5998892e+02
   2.2468502e+02
   2.6550105e+02
   7.0017207e+01
   1.0092452e+02
   2.9877071e+02
   7.8816933e+02
   1.3681900e+02
   2.2087902e+02
   4.2377800e+02
   2.0762366e+02
   5.4727601e+01
   1.4567779e+02
   3.3816386e+02
   3.4218514e+02
   2.5421981e+02
   1.5657829e+02
   8.6708683e+01
   5.1773880e+01
   7.3011224e+01
   1.1724522e+02
   1.2189482e+02
   1.9038211e+02
   1.2428245e+02
   7.3513883e+01
   3.8076422e+01
   2.2116997e+01
   1.2943470e+01
   1.1812487e+01
   1.1309828e+01
   1.5079771e+01
   1.3194800e+01
   1.1435493e+01
   1.1812487e+01
   3.0033877e+01
   6.0696078e+01
   9.9023829e+01
   1.1259562e+02
   1.3911089e+02
   1.6198187e+02
   3.5047901e+02
   1.8070592e+02
   4.9046955e+02
   1.8474691e+02
   4.6506460e+01
   2.5927351e+01
   3.1740659e+01
   8.3827894e+01
   1.9544340e+02
   8.9292403e+01
   8.4060426e+01
   8.6850813e+01
   5.0343243e+01
   3.1973191e+01
   2.6043617e+01
   3.6623837e+01
   4.5925129e+01
   6.4178914e+01
   8.3246563e+01
   5.0808307e+01
   4.4064871e+01
   4.8482984e+01
   5.1738436e+01
   5.6040284e+01
   8.8246007e+01
   1.4707668e+02
   1.1301070e+02
   1.2417225e+02
   8.6153217e+01
   4.8366718e+01
   4.6738992e+01
   8.1270038e+01
   1.1556855e+02
   2.5736242e+02
   2.7961028e+02
   2.3770654e+02
   3.3306995e+02
   1.1188731e+02
   5.3567670e+01
   2.0195876e+01
   4.7519708e+01
   1.0767534e+02
   2.2993059e+02
   9.6551406e+01
   5.9183636e+01
   6.0047630e+01
   9.9035391e+01
   2.9570218e+02
   1.3078720e+02
   8.3375487e+01
   1.4525911e+02
   7.5491535e+01
   3.2723799e+01
   2.1275869e+01
   1.4363912e+01
   1.5227906e+01
   3.8879761e+01
   8.0999502e+01
   1.0551535e+02
   7.6031532e+01
   8.8883453e+01
   7.6679528e+01
   7.6031532e+01
   9.7488900e+01
   6.8110802e+01
   5.8524264e+01
   3.4851702e+02
   3.8237914e+02
   1.5949215e+02
   6.9734328e+01
   1.1318299e+02
   1.3560312e+02
   8.2567918e+01
   5.5895698e+01
   5.4117549e+01
   1.0746199e+02
   2.2118616e+02
   1.0305528e+02
   1.0058133e+02
   2.3680293e+02
   1.8887025e+02
   7.1203233e+01
   6.4477195e+01
   1.0630233e+02
   8.1949432e+01
   1.0947207e+02
   1.1813088e+02
   9.7179657e+01
   9.1535969e+01
   5.1411672e+01
   2.5821802e+01
   2.3811722e+01
   3.4325989e+01
   4.4212137e+01
   5.5586776e+01
   6.7706182e+01
   4.7597446e+01
   8.8085743e+01
   1.8910337e+02
   5.5383657e+01
   1.0311652e+02
   5.9039791e+01
   7.6643398e+01
   4.5024611e+01
   4.7529740e+01
   2.8842834e+01
   1.9567087e+01
   2.4780463e+01
   3.3108323e+01
   4.3670488e+01
   5.1388992e+01
   5.8091904e+01
   8.2601542e+01
   7.0008192e+01
   8.3278604e+01
   5.2539997e+01
   4.5769379e+01
   6.3846930e+01
   4.6649560e+01
   1.4699012e+02
   9.3976181e+01
   1.2627203e+02
   6.0867858e+01
   7.9000000e-01
   1.5710000e+00
   7.6200000e-01
   2.4800000e-01
   1.3200000e-01
   3.6286003e+00
   4.0605765e+00
   3.4558098e+00
   4.1469718e+00
   6.0476671e+00
   9.5034769e+00
   2.0302883e+01
   3.1188683e+01
   4.2074484e+01
   6.3327714e+01
   1.0272395e+02
   6.1772600e+01
   5.3392261e+01
   7.7582930e+01
   5.4169818e+01
   5.7280047e+01
   8.6913616e+01
   3.0540719e+02
   9.8404184e+01
   6.0044695e+01
   9.4948374e+01
   2.2402287e+02
   9.4084422e+01
   9.4689188e+01
   2.7836548e+02
   5.2899808e+02
   1.1723835e+02
   5.1318775e+01
   1.7711025e+01
   1.4514401e+01
   1.4424605e+01
   1.1102575e+01
   8.3924976e+00
   6.5566388e+00
   7.4308573e+00
   1.3637809e+01
   4.6246159e+01
   1.0481880e+02
   1.1732012e+02
   1.1338614e+02
   1.0280810e+02
   1.3768941e+02
   1.7274558e+02
   6.3468263e+01
   4.3973191e+01
   4.9043658e+01
   7.8679665e+01
   2.8840468e+02
   3.0239218e+02
   1.6339144e+02
   8.5236304e+01
   7.3871463e+01
   8.1127477e+01
   4.9393345e+01
   2.5789446e+01
   1.0140935e+01
   8.9170287e+00
   8.6547632e+00
   1.0403200e+01
   1.1277419e+01
   9.7470600e+00
   6.8653205e+00
   6.9500776e+00
   9.1537607e+00
   9.3232748e+00
   8.8147325e+00
   7.6281339e+00
   6.2720212e+00
   5.3396937e+00
   4.3226092e+00
   5.0006656e+00
   6.4415353e+00
   6.7805635e+00
   8.7299755e+00
   9.5775459e+00
   1.1103173e+01
   1.3984912e+01
   1.6019081e+01
   1.7714222e+01
   2.2121588e+01
   3.5767472e+01
   5.7295761e+01
   3.4835145e+01
   2.0595962e+01
   1.3561127e+01
   1.5934324e+01
   3.4411360e+01
   6.9839804e+01
   9.4843132e+01
   9.4419346e+01
   8.9411136e+01
   6.2324453e+01
   5.6681394e+01
   3.9877618e+01
   2.5707269e+01
   2.4453256e+01
   3.2478940e+01
   5.5051177e+01
   8.3893479e+01
   2.3061302e+02
   1.1047856e+02
   5.8311611e+01
   2.3073842e+01
   8.1510854e+00
   6.2700657e+00
   7.6494801e+00
   9.5304998e+00
   1.4671954e+01
   2.9343907e+01
   5.2041545e+01
   5.6179788e+01
   6.0067229e+01
   6.1070440e+01
   6.4707078e+01
   4.8781111e+01
   4.1633236e+01
   4.1633236e+01
   5.7810005e+01
   6.9346926e+01
   9.5054195e+01
   4.7629906e+01
   5.4812872e+01
   8.6195593e+01
   2.3515663e+02
   4.8698800e+02
   2.0403044e+02
   1.3964028e+02
   2.4499045e+02
   2.3242026e+02
   1.1945957e+02
   8.2518599e+01
   5.1135878e+01
   3.8822222e+01
   3.2323347e+01
   2.7278169e+01
   2.1805433e+01
   2.0864806e+01
   2.0693783e+01
   1.7444346e+01
   1.7444346e+01
   2.2660548e+01
   2.8817376e+01
   4.2413705e+01
   5.8660890e+01
   7.0290454e+01
   3.6342388e+01
   1.7444346e+01
   1.3510817e+01
   2.2147479e+01
   2.0266226e+01
   2.0803168e+01
   1.4130454e+01
   1.9704133e+01
   2.1666696e+01
   2.1038676e+01
   2.0410655e+01
   2.0096645e+01
   2.1666696e+01
   1.8526595e+01
   2.2765731e+01
   2.4649792e+01
   5.3146207e+01
   9.8206654e+01
   8.2270642e+01
   1.0448686e+02
   9.2083457e+01
   2.5348464e+02
   1.5103885e+02
   2.2373218e+02
   1.1484919e+02
   6.1781484e+01
   2.4806797e+01
   1.5779007e+01
   2.1902203e+01
   3.6032657e+01
   4.1292326e+01
   3.0301973e+01
   2.2373218e+01
   1.6250022e+01
   2.4885299e+01
   2.0342394e+01
   2.1851668e+01
   2.3295322e+01
   3.1760383e+01
   5.8861701e+01
   1.0026832e+02
   6.9295380e+01
   3.9241134e+01
   2.5920147e+01
   2.4410873e+01
   2.8938696e+01
   2.1851668e+01
   1.3911573e+01
   1.7258224e+01
   2.6313871e+01
   3.7600618e+01
   4.3637716e+01
   9.4624942e+01
   1.5565212e+02
   1.3701587e+02
   6.7917347e+01
   3.4253966e+01
   1.8242534e+01
   2.6051388e+01
   3.8453686e+01
   5.4399498e+01
   6.9229760e+01
   8.3666297e+01
   8.5963019e+01
   4.7378091e+01
   4.9386250e+01
   5.9942089e+01
   9.5002557e+01
   5.8685442e+01
   3.9207404e+01
   6.5973998e+01
   1.2805239e+02
   3.5487728e+02
   1.7904715e+03
   1.2689627e+03
   1.6630474e+03
   1.3245065e+03
   1.5040815e+03
   7.4745398e+02
   2.5509946e+02
   1.2051250e+02
   5.0642897e+01
   8.1807757e+01
   1.5833759e+02
   1.5997124e+02
   1.3860823e+02
   1.1397794e+02
   6.9995270e+01
   5.6549141e+01
   5.6549141e+01
   6.1198737e+01
   6.9115617e+01
   9.7390187e+01
   1.6436950e+02
   1.5456765e+02
   9.5105710e+01
   6.6853036e+01
   6.8597028e+01
   1.0045395e+02
   9.7082235e+01
   7.0852591e+02
   1.2153301e+03
   2.4020586e+02
   1.6102862e+02
   1.8939756e+02
   1.7335283e+02
   8.1735103e+01
   7.4991666e+01
   8.4060426e+01
   1.0905765e+02
   1.5614544e+02
   9.0920129e+01
   8.6036950e+01
   4.9575886e+02
   1.8811863e+02
   1.0963898e+02
   1.8044506e+02
   1.1684748e+02
   9.7431033e+01
   1.2207946e+02
   3.4089235e+02
   3.5275150e+02
   2.6985373e+02
   4.0925685e+02
   3.3972969e+02
   1.3813115e+02
   4.3242934e+02
   4.8783300e+02
   5.1170085e+02
   6.4130005e+02
   1.6199900e+02
   1.6513098e+02
   2.9527018e+02
   1.4169513e+02
   7.7003526e+01
   1.0097938e+02
   6.2747614e+01
   4.3199734e+01
   6.1667621e+01
   8.5535474e+01
   1.1955526e+02
   1.2484723e+02
   1.8489486e+02
   2.6297838e+02
   1.1663928e+02
   1.5659904e+02
   1.0659534e+02
   1.3737515e+02
   1.0000738e+02
   2.4656248e+02
   1.8079089e+02
   1.8489486e+02
   9.2987428e+01
   1.1879927e+02
   7.6139531e+01
   6.0998209e+01
   1.0452418e+02
   1.9528704e+02
   2.0904836e+02
   3.8562620e+02
   9.7519824e+02
   1.5411905e+03
   1.5616779e+02
   3.2176749e+02
   2.5017770e+02
   1.6297113e+02
   1.2601658e+02
   1.5237956e+02
   2.4306511e+02
   9.6174616e+01
   9.6715792e+01
   1.5926022e+02
   1.1967710e+02
   8.9912443e+01
   1.0730737e+02
   9.9035116e+01
   1.0607040e+02
   2.6169701e+02
   1.0467880e+02
   8.0248595e+01
   5.9297372e+01
   5.2725955e+01
   7.4759529e+01
   1.5315266e+02
   1.0931745e+02
   5.8565848e+01
   7.8539171e+01
   5.7347136e+01
   5.2607704e+01
   2.1909721e+02
   1.3155311e+02
   6.1341801e+01
   1.0853301e+02
   1.5132332e+02
   7.1903966e+01
   1.2302213e+02
   1.0717889e+02
   1.7244765e+02
   2.2735736e+02
   5.2336879e+02
   8.0299532e+01
   9.8580201e+01
   9.4924068e+01
   6.8518656e+01
   1.2613662e+02
   6.7706182e+01
   5.9242909e+01
   5.0982755e+01
   8.3143192e+01
   5.7482549e+01
   5.9581440e+01
   1.1631922e+02
   1.2884486e+02
   2.0772257e+02
   2.0359249e+02
   1.6350000e+00
   7.1700000e-01
   1.8300000e-01
   6.6000000e-02
   4.2000000e-02
   6.9116196e+00
   3.5076469e+01
   9.0628612e+01
   1.5473388e+02
   7.0584915e+01
   5.2355518e+01
   6.1858995e+01
   3.0843102e+01
   1.3564053e+01
   2.5141016e+01
   5.9353533e+01
   7.3435958e+01
   2.2445485e+02
   7.2174588e+02
   1.5274679e+02
   8.8814312e+01
   5.8316790e+01
   6.0735857e+01
   6.8770615e+01
   6.4710038e+01
   1.3037042e+02
   9.6417093e+01
   9.9700113e+01
   8.4408154e+01
   8.0174787e+01
   6.2204576e+01
   5.5897723e+01
   6.1254229e+01
   5.1837147e+01
   7.2312820e+01
   9.0044506e+01
   1.4660644e+02
   3.3132881e+02
   7.9553884e+01
   5.2365688e+01
   3.2520928e+01
   2.5352337e+01
   4.8431705e+01
   9.8961534e+01
   1.6234238e+02
   6.9412949e+01
   1.7659214e+01
   7.3434354e+00
   1.3987496e+01
   1.9757338e+01
   2.0806400e+01
   2.0194447e+01
   1.8795698e+01
   3.3569990e+01
   5.8834905e+01
   5.3677016e+01
   4.9043658e+01
   3.8115927e+01
   2.7450461e+01
   2.2379994e+01
   2.3341634e+01
   2.1418353e+01
   1.5823355e+01
   9.1792943e+00
   8.4799195e+00
   7.0348346e+00
   9.5775459e+00
   9.5775459e+00
   8.2214332e+00
   5.3396937e+00
   3.4750388e+00
   4.4921233e+00
   6.6110494e+00
   1.0679387e+01
   1.8985578e+01
   4.2378522e+01
   7.9586864e+01
   4.8226758e+01
   3.9751053e+01
   3.4072331e+01
   4.0429110e+01
   3.8903483e+01
   4.8735300e+01
   7.2891057e+01
   1.2306723e+02
   1.7375194e+02
   5.8143332e+01
   4.8565786e+01
   4.7633458e+01
   6.5178166e+01
   9.6877301e+01
   1.2171111e+02
   6.7127578e+01
   6.2296427e+01
   3.7123585e+01
   4.0630025e+01
   5.2041545e+01
   6.5961091e+01
   6.1822847e+01
   4.4893670e+01
   2.5080263e+01
   2.6961282e+01
   2.6459677e+01
   3.0723322e+01
   3.1224927e+01
   3.1726532e+01
   2.2697638e+01
   9.6559011e+00
   4.7652499e+00
   5.8938617e+00
   6.3954670e+00
   8.4018880e+00
   9.1542959e+00
   1.1035316e+01
   1.3041737e+01
   1.4044947e+01
   1.4671954e+01
   1.4671954e+01
   1.5549763e+01
   1.5675164e+01
   3.6491782e+01
   4.3012650e+01
   6.7591308e+01
   8.8784130e+01
   3.3093407e+02
   1.2005815e+02
   6.7639598e+01
   3.2750905e+01
   1.8128438e+01
   1.1715076e+01
   1.3254283e+01
   1.3425306e+01
   1.4793490e+01
   1.3681840e+01
   2.2489525e+01
   3.0185560e+01
   3.1382721e+01
   2.2575036e+01
   1.3254283e+01
   1.2228145e+01
   1.0688938e+01
   1.2484679e+01
   1.1202007e+01
   1.1202007e+01
   1.1971610e+01
   1.4109398e+01
   2.1719921e+01
   2.3857709e+01
   2.3686686e+01
   2.7449192e+01
   2.6508565e+01
   2.8560841e+01
   2.7876749e+01
   3.0185560e+01
   2.4370778e+01
   1.3659439e+01
   8.0857596e+00
   6.3587042e+00
   5.9661916e+00
   8.0857596e+00
   1.4522966e+01
   1.5072484e+01
   1.2246393e+01
   7.3007344e+00
   6.1231966e+00
   1.1539871e+01
   1.3423931e+01
   3.0066465e+01
   5.6443312e+01
   5.7620850e+01
   4.6630497e+01
   3.7288697e+01
   2.9359943e+01
   2.3472254e+01
   1.9547128e+01
   1.8840605e+01
   1.9625630e+01
   5.2361181e+01
   1.1626223e+02
   1.7152801e+02
   2.1022975e+02
   6.8768208e+01
   1.2819462e+02
   5.3460217e+01
   6.2723514e+01
   3.7863101e+01
   2.4542114e+01
   1.8045672e+01
   1.3189746e+01
   1.5355226e+01
   1.3780331e+01
   1.3189746e+01
   1.3058504e+01
   4.1931580e+01
   9.6002975e+01
   2.0099598e+02
   7.5857443e+01
   7.9007233e+01
   5.6696220e+01
   1.0066204e+02
   1.0125262e+02
   5.5186946e+01
   7.5726202e+01
   1.4338107e+02
   7.1526482e+02
   2.5244255e+02
   2.9332420e+01
   4.6000058e+01
   4.6065679e+01
   6.0567837e+01
   3.5566379e+01
   2.0998600e+01
   1.8308154e+01
   2.5592044e+01
   4.8231160e+01
   1.6286153e+02
   1.0907701e+02
   2.4253298e+02
   1.9842465e+02
   2.3147448e+02
   1.7756430e+02
   1.0090880e+02
   6.8110299e+01
   6.3586367e+01
   8.7211342e+01
   1.2729840e+02
   1.7102974e+02
   6.4139292e+02
   7.5072126e+02
   3.2509473e+02
   5.8496945e+02
   3.7913057e+02
   3.7008271e+02
   1.9101043e+02
   9.9903482e+01
   4.0715382e+01
   2.0986015e+01
   7.6655502e+00
   6.4089026e+00
   9.4248568e+00
   1.9101043e+01
   4.2223359e+01
   1.1661690e+02
   2.3599842e+02
   9.9400823e+01
   3.6275039e+01
   3.3484651e+01
   3.4065982e+01
   1.8137519e+01
   1.7323656e+01
   3.1973191e+01
   6.7434367e+01
   1.0963898e+02
   1.5009960e+02
   1.1987040e+02
   7.4294069e+01
   5.2552299e+01
   5.3831227e+01
   1.3184581e+02
   2.7706223e+02
   2.3671788e+02
   1.5358758e+02
   8.2316434e+01
   1.2184692e+02
   1.0452327e+02
   1.1417336e+02
   3.5530935e+02
   1.2359092e+02
   8.4292958e+01
   8.5571886e+01
   1.2731143e+02
   8.8827338e+01
   9.1152661e+01
   1.3754285e+02
   1.6358647e+02
   1.1890727e+02
   1.7301494e+02
   2.3911053e+02
   2.3749054e+02
   1.0367936e+03
   1.1260011e+03
   1.5973102e+02
   2.8101427e+02
   2.9959016e+02
   1.9029483e+02
   2.1200270e+02
   9.5795410e+01
   3.3047797e+01
   2.4731848e+01
   2.6783835e+01
   3.5531781e+01
   3.4667787e+01
   3.8231765e+01
   3.0779811e+01
   3.0887810e+01
   2.9375819e+01
   4.4387727e+01
   7.2683553e+01
   6.7067587e+01
   7.9811509e+01
   1.1123932e+02
   2.1113870e+02
   1.1631528e+02
   1.1134731e+02
   2.4051452e+02
   1.2787204e+02
   2.8945158e+02
   1.1921323e+02
   1.7217112e+02
   6.6866098e+02
   0.0000000e+00
   0.0000000e+00
   0.0000000e+00
   0.0000000e+00
   0.0000000e+00
   0.0000000e+00
   0.0000000e+00
   0.0000000e+00
   0.0000000e+00
   0.0000000e+00
   0.0000000e+00
   0.0000000e+00
   0.0000000e+00
   0.0000000e+00
   0.0000000e+00
   0.0000000e+00
   0.0000000e+00
   0.0000000e+00
   0.0000000e+00
   0.0000000e+00
   0.0000000e+00
   0.0000000e+00
   0.0000000e+00
   0.0000000e+00
   0.0000000e+00
   0.0000000e+00
   0.0000000e+00
   0.0000000e+00
   0.0000000e+00
   0.0000000e+00
   0.0000000e+00
   0.0000000e+00
   0.0000000e+00
   0.0000000e+00
   0.0000000e+00
   0.0000000e+00
   0.0000000e+00
   0.0000000e+00
   0.0000000e+00
   0.0000000e+00
   0.0000000e+00
   0.0000000e+00
   0.0000000e+00
   0.0000000e+00
   0.0000000e+00
   0.0000000e+00
   0.0000000e+00
   0.0000000e+00
   0.0000000e+00
   0.0000000e+00
   0.0000000e+00
   0.0000000e+00
   0.0000000e+00
   0.0000000e+00
   0.0000000e+00
   0.0000000e+00
   0.0000000e+00
   0.0000000e+00
   0.0000000e+00
   0.0000000e+00
   1.3450000e+00
   1.2770000e+00
   1.5680000e+00
   2.6530000e+00
   1.3860000e+00
